129.479 48.1275 64.8271 87.6571
140.896 28.7132 87.8489 49.523
127.23 11.3362 61.0115 15.7932
180.23 45.3148 163.148 80.7887
142.086 25.6477 90.3223 43.4285
140.932 36.4585 87.8961 64.673
146.365 14.968 99.3367 23.1698
142.224 21.1197 90.1636 35.2537
179.466 45.1481 164.537 83.3813
129.11 17.8655 63.4892 28.5192
133.452 39.7131 72.5116 71.6059
180.309 47.0913 165.708 86.5692
134.204 27.9431 74.3805 48.0996
144.31 36.0625 94.7597 63.3361
127.11 41.1631 60.1632 73.6669
144.807 22.3987 95.188 38.0046
146.231 18.9458 98.1961 30.9907
137.797 26.3777 81.4669 45.2648
147.946 47.0304 101.877 85.377
139.711 31.418 85.0878 55.3932
130.678 36.9503 67.3651 65.4306
141.376 21.266 88.3764 35.6651
179.901 46.5989 165.135 85.7839
139.21 23.4452 84.4947 39.2675
127.466 12.1337 62.0104 17.2937
148.242 44.8289 102.402 80.8011
145.234 31.8797 96.2127 56.9383
146.339 36.1243 98.4758 64.424
131.071 20.8233 67.4324 34.4972
127.372 163.036 104.533 20.4096
78.7888 71.7806 98.6635 25.7479
127.209 10.9654 60.6186 14.9363
129.445 37.3646 64.6643 66.3888
92.1439 157.487 102.532 26.0753
128.936 45.5616 63.8297 82.6076
129.625 44.6165 65.0705 80.6068
132.235 15.9848 70.4806 24.7674
190.602 43.093 187.419 80.28
128.413 15.6043 62.5483 24.1156
138.296 36.494 82.2822 65.1756
127.108 44.2681 60.2434 79.507
129.717 15.4701 66.6201 23.5884
148.487 15.7978 103.007 24.4934
128.207 42.2708 62.0049 76.1623
124.213 46.97 53.7322 85.5748
130.844 11.9584 66.8439 16.8293
92.0351 159.19 103.112 23.9959
129.327 46.0191 64.5482 83.7232
140.806 23.7386 87.4156 39.9847
129.299 63.4279 64.6428 118.116
146.694 14.776 100.556 22.4844
105.546 65.5067 17.7774 120.021
145.156 41.1793 96.0698 74.4579
143.687 37.7328 93.3045 66.7172
127.268 42.4579 59.7633 76.8648
146.158 34.1534 97.9012 61.1592
186.081 63.4002 177.928 118.625
151.543 10.1865 108.94 13.3982
150.796 46.4492 107.334 84.2471
130.054 38.6927 65.9107 69.4887
147.712 45.5788 101.629 83.0571
146.031 18.6953 70.826 68.0571
144.01 23.8484 94.0002 40.6084
147.027 47.2187 99.8613 85.9748
140.043 16.4895 87.1562 26.0934
150.062 42.2945 106.306 77.231
126.231 14.1132 58.0931 21.2642
51.133 76.5866 80.6674 35.4242
128.261 41.67 62.6126 74.9672
130.351 13.5438 67.7032 19.8871
132.786 13.3265 70.4899 19.9914
112.379 134.026 106.317 14.0304
134.515 36.145 75.212 64.3173
112.586 131.708 92.2872 58.5479
125.193 44.2931 55.7952 79.9483
131.28 42.9835 68.5461 76.8299
141.637 20.038 89.2569 32.534
131.892 16.1092 69.6601 24.7982
137.999 25.9107 82.0658 44.5632
144.238 24.4405 94.1461 41.175
138.664 31.9885 82.9121 57.3061
131.995 37.4381 69.7308 66.3149
133.368 12.0389 73.947 17.1734
146.414 18.3403 98.8355 30.0744
184.197 65.6821 174.453 123.03
131.258 64.8412 68.2317 120.568
146.147 21.3672 97.4026 36.3163
151.009 41.0208 107.634 75.3459
128.545 35.1584 62.7483 61.7687
147.88 15.3305 102.409 23.7512
142.24 35.0067 90.7394 62.2496
131.665 42.0539 69.5149 75.9467
143.594 16.9395 93.2865 26.5796
132.751 40.8001 71.2305 72.8551
152.345 9.76266 110.398 12.6802
141.238 28.1832 88.6092 49.1127
129.18 17.1976 63.7443 26.7782
139.482 34.9477 85.1395 62.3448
127.171 16.0745 60.0198 25.2784
127.316 44.8699 60.6155 81.6561
142.979 37.5913 91.5885 66.6739
129.689 12.1349 65.2036 16.9092
127.715 11.3849 62.6156 15.5497
140.411 22.7962 86.5904 37.8074
150.62 44.7358 107.652 81.8058
127.31 41.9627 60.0049 75.2764
141.084 23.3704 88.1837 38.6176
125.011 46.0972 56.0541 83.9304
130.153 12.2601 65.8869 17.1337
135.302 37.4457 76.4634 65.9886
186.541 64.7097 178.661 121.992
174.917 35.0622 155.46 63.1534
138.417 26.1241 83.6519 43.0476
124.081 47.676 53.7695 87.576
150.331 45.651 107.112 83.4551
151.575 45.5075 108.641 83.1517
145.569 16.6262 98.3183 26.1998
144.168 38.2358 94.0829 66.9672
180.853 58.6298 167.699 108.955
175.95 32.6268 156.626 57.8432
150.244 40.0282 105.903 73.0207
147.301 39.1139 101.021 70.3437
130.178 36.0135 66.3343 62.9128
145.97 41.0581 98.6667 72.1736
148.861 16.3338 102.931 25.2509
138.356 26.8257 82.8559 46.6446
135.187 19.3825 75.3119 31.2948
110.736 131.361 108.484 10.7436
151.429 11.8256 108.494 16.6665
148.371 45.602 103.328 83.2286
136.995 28.5747 79.7151 48.7171
148.343 48.0505 103.34 87.7535
177.1 33.7733 160.179 60.8303
127.168 43.3842 60.1721 77.1646
142.583 19.5753 90.8833 31.3847
140.71 35.0565 87.9921 62.408
34.229 96.7574 72.7535 42.1803
128.359 40.1768 61.8531 71.6846
54.2694 76.3554 93.5603 27.2898
147.921 44.9601 101.172 80.2815
144.077 40.84 93.4096 73.4645
145.389 47.0502 96.1358 85.3049
143.17 33.002 92.8625 58.6517
127.759 48.0899 61.5717 88.5516
137.252 34.9243 80.417 63.3253
144.829 16.7402 95.5506 25.8593
128.183 48.7403 62.6365 89.561
137.462 42.5405 81.4125 77.4948
136.56 22.7343 78.3018 37.6449
143.43 21.0545 93.7313 34.9833
144.74 47.3 94.7631 85.9743
143.106 21.3772 93.0436 35.68
130.399 64.3699 67.5089 120.097
144.088 16.6435 93.8076 25.7905
179.924 47.5596 166.249 87.718
74.4638 108.36 68.2702 66.6615
131.861 44.4096 68.6547 80.3825
141.617 29.7315 89.6062 52.6986
128.9 42.4296 64.9305 76.0626
142.757 21.8639 92.6721 36.3139
142.767 32.0538 91.8264 57.7662
124.557 48.2521 55.0522 88.9926
125.848 46.6014 58.8712 84.1629
174.323 35.7056 154.794 64.2412
145.556 20.5565 96.7668 32.5632
129.929 41.3589 65.5947 75.9918
78.8183 103.682 92.2713 34.8168
125.822 43.4206 56.8646 77.5508
129.463 46.6187 65.434 85.3533
134.953 24.9483 76.5065 42.9464
164.445 29.444 135.49 52.0906
135.417 28.2831 77.063 49.8007
144.039 34.6608 93.2997 60.4274
141.451 38.6764 88.2545 68.1321
151.664 46.938 108.266 84.3624
136.097 27.6797 77.7186 46.7178
145.77 14.7592 97.3368 22.0784
153.538 48.5882 111.835 87.0275
131.901 35.5705 69.8042 61.3533
140.334 24.9881 86.8168 43.7273
144.945 14.7555 95.7274 22.0322
136.914 28.0664 80.3423 49.2193
165.68 30.2562 137.928 53.5961
141.171 22.8902 88.1016 37.2152
134.973 170.653 101.358 66.4098
133.069 45.9365 72.8878 83.9318
186.602 65.971 178.712 125.2
130.049 41.0422 66.5362 74.5754
135.747 30.166 77.7182 53.6519
135.45 34.9017 76.6637 63.7486
128.884 42.8285 63.4207 79.1419
144.326 38.882 95.6332 69.6363
150.287 45.7637 107.549 83.2761
137.297 25.3493 81.2002 43.8947
137.495 24.8859 81.4883 43.0976
67.7259 95.3596 97.5691 26.4979
133.334 26.3297 73.2728 45.7001
137.581 34.6823 81.6056 62.5173
134.371 36.9355 75.8221 65.8182
129.75 48.7765 63.8764 89.5024
137.803 39.1057 82.1183 71.2647
126.235 42.4648 58.0354 75.0776
150.754 41.3126 106.379 74.953
132.27 37.7443 71.5361 67.5224
133.226 41.2604 73.4851 74.3592
147.133 12.2906 100.009 17.2721
147.298 45.5358 101.629 83.0571
151.691 43.3012 108.271 78.934
137.044 33.0822 80.2167 59.8301
135.357 25.638 77.5944 44.2444
18.1824 85.1606 74.9543 37.6012
139.91 25.7042 86.6307 44.4697
130.915 39.8992 68.2866 72.463
135.948 36.7388 78.8919 65.645
137.908 24.4164 82.1207 42.431
180.443 46.7388 165.518 83.923
140.279 43.9201 87.5543 79.9377
148.267 14.4725 102.435 21.2273
175.469 35.1543 155.908 62.0177
118.768 39.1542 44.1683 70.2665
148.393 12.5378 102.824 17.8236
132.098 38.0623 71.1301 68.322
130.992 46.305 66.5714 84.1487
141.69 23.8716 90.5627 40.5368
145.106 16.3482 96.2456 24.6489
123.443 33.5389 53.7597 59.3239
144.108 25.0849 93.5416 41.3188
135.693 38.1784 77.9646 69.289
134.142 26.2708 74.55 45.9998
135.691 24.7073 78.5432 42.3339
132.902 42.4099 72.8664 76.7091
137.551 24.397 81.6372 42.2683
142.404 32.0491 91.6062 57.1233
144.949 11.7172 96.6545 16.4864
144.689 38.3764 96.548 68.4469
147.66 47.7554 100.187 86.8614
136.641 29.3364 79.7702 52.0431
131.848 44.956 68.4611 81.0683
148.696 45.4363 104.554 82.525
134.437 178.456 99.0851 68.3149
138.837 25.3061 84.748 43.6187
143.557 20.1476 94.2637 33.6188
146.692 41.3721 100.544 74.4775
127.671 38.1267 60.394 66.9795
140.451 32.893 87.5998 59.0933
141.771 37.6084 90.3671 68.3818
102.217 143.886 105.559 14.5004
140.714 24.3746 88.7754 41.529
147.878 12.4584 101.574 17.3805
138.555 27.0964 84.1978 47.0875
142.428 27.7474 91.8073 48.5462
142.978 38.5021 92.995 69.6566
141.551 23.2593 90.3173 39.5593
187.485 52.9481 181.135 97.5931
131.075 36.4616 67.3214 63.6174
137.288 35.9156 79.8061 62.4862
138.488 31.3107 83.8311 55.6649
142.176 32.5069 91.3727 57.822
139.089 30.3061 85.228 53.425
150.296 13.0299 106.508 17.9224
152.057 12.1386 109.155 17.0615
145.01 40.6177 97.5902 71.1622
138.816 32.6166 84.7501 57.8792
144.212 14.377 93.6346 21.027
153.502 27.7972 114.019 48.6057
133.92 42.9133 72.5004 77.0507
130.315 34.4757 66.0787 59.3407
131.546 36.1193 68.5616 62.4971
126.706 46.8808 60.5922 85.4785
145.783 46.6319 98.8446 85.6406
109.444 129.452 110.256 8.41877
166.51 27.1347 140.169 47.5362
141.085 29.4431 89.0358 52.2373
127.584 44.5447 62.4086 80.8776
135.974 30.5624 78.8154 54.2385
152.817 47.189 113.148 87.9297
143.164 24.7094 93.3375 42.797
145.834 47.0685 98.9085 87.3829
137.699 29.771 82.5501 52.4176
129.752 47.2602 64.3072 85.0573
129.659 42.7619 66.5495 77.5237
127.726 44.7385 62.634 81.4074
149.601 14.929 105.686 21.3779
138.974 30.6487 85.0342 54.2647
73.4448 76.3291 103.152 20.5866
136.726 30.0579 80.4268 53.2832
144.141 17.3044 95.6204 28.5771
148.715 12.2233 104.159 17.5551
142.66 36.9016 92.558 66.5059
129.851 35.0853 64.6564 60.8371
139.851 34.0908 86.4591 61.8828
152.599 48.0176 109.483 85.6862
131.811 42.8671 69.824 79.6148
147.196 48.2655 98.9489 88.1766
177.399 34.7196 159.521 60.6899
136.293 34.4914 79.1476 62.7128
138.79 31.3747 84.6674 55.8784
132.575 36.6101 72.2847 65.8833
167.201 12.451 141.332 17.9293
164.371 29.8299 134.556 51.1204
179.119 44.5155 166.504 82.6585
135.363 25.6221 77.7631 44.7039
149.196 20.3646 105.555 33.3573
131.703 43.7489 70.3868 80.2784
142.07 30.1165 88.5984 51.9005
135.271 39.4622 75.7674 68.7384
77.8659 76.3061 106.053 22.0491
74.5637 74.4985 80.5338 37.8008
108.148 30.0496 24.7172 52.0133
149.701 10.7817 106.582 14.4731
107.838 46.9361 22.6519 85.476
142.92 29.868 91.433 48.4826
190.173 47.5928 187.198 87.5138
177.148 35.7723 159.278 62.5849
153.877 48.2648 111.835 87.0275
108.605 29.8 24.7172 52.0133
172.925 18.5225 152.492 30.0701
144.141 17.3044 95.6204 28.5771
