161.781 68.4683 162.912 115.962
85.0839 55.8129 82.6656 52.6273
131.378 56.7032 130.185 79.8104
127.911 76.6125 99.7326 103.629
81.7214 51.2481 120.496 47.8202
111.083 80.5146 75.3744 97.9182
104.82 71.732 78.3331 82.9691
121.77 60.7339 111.968 79.1229
109.398 83.2389 70.6184 100.324
118.975 82.4978 84.2522 105.547
113.04 62.3684 98.8902 75.9914
128.926 57.698 124.197 79.5106
104.505 63.5905 88.1453 72.5804
122.058 76.3652 92.1068 99.4782
134.95 71.5382 116.6 101.657
119.746 59.5648 110.899 76.3721
109.866 67.541 88.9142 80.6372
110.341 73.3292 82.4951 88.2669
104.154 93.2683 52.0991 109.621
102.043 64.9142 83.8949 72.8487
139.034 68.6691 121.914 100.352
123.155 80.3806 89.1555 105.385
118.873 55.0275 116.936 70.0786
132.729 74.083 107.967 103.491
109.968 73.4948 82.2356 88.2475
107.345 59.9039 97.1172 69.5654
117.585 83.1825 78.835 105.49
126.166 54.6447 125.56 73.9811
98.7872 73.9818 69.8929 82.3222
105.976 71.2137 80.7137 82.9614
106.519 71.1938 81.9129 83.2833
129.032 57.6158 124.625 79.4284
88.673 54.0381 87.6566 52.2288
120.407 54.4813 119.168 70.2358
110.403 77.3757 77.8211 93.4156
118.156 75.7626 87.9236 96.1565
100.669 62.8989 84.2611 69.5519
119.285 73.3245 93.2771 93.9184
101.577 49.7102 108.539 54.0419
147.246 71.1367 133.104 109.238
102.048 64.7613 84.1963 72.5417
113.405 62.5039 99.4928 76.2974
134.152 58.985 130.674 84.4322
141.973 68.0517 131.841 101.591
137.542 69.0637 121.378 100.097
104.022 66.3394 85.0568 75.8767
123.189 58.1253 116.976 76.5061
97.853 63.3509 83.1297 68.6882
118.465 81.6143 80.5779 103.83
126.674 78.7329 99.6756 105.827
125.16 57.5304 122.519 77.0306
29.661 36.8555 63.1038 6.0851
127.635 74.8342 100.439 101.217
110.955 82.5757 74.2509 100.645
115.078 65.6614 97.5754 81.2739
105.647 90.7477 55.5935 107.547
94.8616 69.4049 69.0777 74.0633
127.329 77.2862 97.0341 104.24
123.869 76.5066 94.6889 100.712
118.402 75.6831 88.8301 96.1372
115.253 65.4302 98.1569 81.4066
100.278 39.6038 111.236 40.314
122.638 55.8632 119.944 73.22
98.1215 65.0258 79.2683 70.5143
111.276 82.1054 72.4565 100.205
120.841 55.5026 118.21 72.0544
139.435 67.6765 125.998 99.2152
98.9313 74.2554 68.3552 82.4216
112.708 81.7462 74.6084 100.673
128.459 56.0433 124.457 77.224
91.4944 51.3057 88.3951 50.2947
111.48 81.9723 73.1592 99.7779
99.8725 39.8013 110.112 39.9223
95.976 47.4392 98.924 47.9813
90.5158 68.6251 67.015 70.6307
108.13 60.3417 97.0416 70.8412
142.454 66.6959 128.952 99.7773
141.894 70.634 122.533 105.15
110.555 85.4606 65.2323 103.506
146.664 71.0395 120.077 108.705
148.254 70.9985 136.031 110.123
126.683 54.8765 125.716 74.2193
142.168 70.4547 113.895 104.868
97.2952 69.4446 73.5163 76.0464
93.66 50.5947 93.6091 50.7962
139.936 68.2601 128.19 100.904
84.5013 55.7217 81.1586 51.8364
106.124 73.4425 78.1088 85.6079
121.808 75.8083 90.5556 98.8779
138.426 78.6667 61.3215 111.808
109.845 80.0608 73.345 96.8644
120.292 76.106 90.5062 97.708
148.404 70.1254 134.705 108.375
146.421 69.6093 133.6 107.036
85.2467 55.4837 82.6656 52.6273
90.0004 68.6943 66.3917 70.2939
96.7306 61.0175 83.3214 65.3514
129.619 53.1815 131.728 74.4702
109.377 61.5467 97.4002 73.2526
96.5862 76.5503 62.019 84.4418
138.985 69.4772 123.104 101.902
86.6206 52.5379 84.9386 49.6564
138.58 68.5787 122.349 99.591
94.6657 66.8666 73.3442 70.6086
94.6657 66.8666 72.9715 70.5893
92.1988 67.952 69.3992 70.5484
162.4 68.532 161.571 116.888
110.928 81.2673 72.5208 98.2704
95.2907 52.1632 101.002 53.3087
103.894 88.8436 56.868 103.461
104.47 85.2933 60.1036 99.2857
137.713 64.9029 127.44 95.1015
127.579 76.8915 99.1227 104.287
93.2759 50.4769 92.6617 49.5738
135.289 60.6017 129.89 87.8971
97.4263 53.3938 97.6967 55.64
111.973 82.2848 75.4658 100.233
107.637 89.1567 56.0157 106.022
121.913 54.2048 120.75 70.2608
117.737 56.6833 109.692 70.8295
95.0375 55.6315 97.9715 57.4273
109.581 81.2597 71.7012 97.3286
165.119 71.2069 165.124 121.58
132.959 61.4913 127 87.6906
89.066 53.8532 90.4315 53.0044
126.299 57.6286 122.769 77.3149
105.464 87.9547 66.2827 103.383
97.8622 59.5167 95.5585 64.8964
148.161 69.1877 135.416 106.63
99.2194 52.6359 101.456 55.6055
118.017 76.3685 87.8637 97.658
161.875 67.7077 161.287 115.625
83.1503 51.4493 117.65 49.2205
133.258 74.3379 112.267 104.968
104.849 87.9625 58.7643 102.687
163.76 66.8818 36.2213 111.254
95.348 66.9867 64.2497 70.3265
103.909 89.1843 56.6049 103.616
137.373 68.6756 121.9 98.6158
121.85 79.3575 88.6138 102.463
111.526 84.7573 102.493 103.743
86.3793 52.0903 84.4854 49.335
138.937 79.5403 77.3109 113.254
116.051 78.3258 83.3146 99.1293
99.4931 50.0234 108.738 52.4748
100.109 75.1665 67.9722 85.3737
147.135 68.0209 135.252 105.942
100.606 50.8055 106.555 53.8716
144.733 68.6058 129.806 105.084
131.669 69.9555 111.492 96.323
149.325 71.2787 133.723 109.872
101.753 96.6074 42.6691 111.204
134.489 71.1014 113.897 99.4945
105.525 91.026 56.7109 106.547
102.571 47.7597 102.877 52.6857
145.8 69.0511 133.545 106.753
83.0507 51.0267 117.65 49.2205
117.977 9.20378 191.413 11.3684
109.687 57.1853 99.7307 65.997
79.5037 49.2803 77.7254 42.817
89.066 53.8532 90.4315 53.0044
