494
410.89  163.825  479.932  172.811
412.099  162.499  489.452  171.918
457.884  292.638  352.03  328.284
535.054  178.687  563.061  261.371
423.324  155.878  495.647  171.751
295.669  234.576  294.671  180.797
631.53  207.743  656.518  357.968
466.891  140.878  561.393  180.704
370.138  186.41  411.515  173.413
302.605  221.618  312.367  172.102
321.304  196.181  358.614  157.158
538.023  198.443  552.792  284.219
573.2  325.909  415.441  436.78
397.869  154.259  481.636  155.776
348.872  178.155  404.308  153.784
599.563  124.402  721.826  244.064
363.742  128.261  474.502  111.481
380.06  170.79  441.567  163.019
392.207  185.62  463.224  183.867
546.151  174.691  594.561  264.382
409.245  167.086  473.887  175.199
575.959  138.095  676.091  244.015
402.171  153.153  484.424  157.067
339.168  186.51  388.783  156.928
309.266  207.794  335.899  162.25
72.4749  249.283  117.284  88.4731
400.372  154.199  480.555  157.161
530.376  197.409  547.939  278.423
267.761  159.72  353.02  94.9536
539.39  180.079  577.055  265.867
407.279  150.001  491.872  156.811
324.646  180.687  379.42  143.836
371.498  123.913  488.69  110.874
302.092  233.967  304.624  183.556
372.145  169.429  436.308  157.319
536.388  147.149  621.495  229.002
161.608  211.091  222.58  93.3622
404.446  137.232  503.548  142.221
548.968  133.458  650.901  222.023
319.852  202.658  348.59  162.898
409.688  141.535  508.133  149.049
639.374  203.124  644.211  356.82
526.177  118.823  644.598  192.278
558.4  133.871  662.257  228.369
515.275  128.421  620.685  196.105
425.846  252.138  381.629  270.005
345.289  219.46  340.904  192.89
284.908  243.861  279.379  183.767
364.532  191.633  406.428  175.258
177.836  204.571  238.922  94.7086
412.28  198.172  424.648  208.734
298.393  226.117  310.412  173.855
524.437  233.921  477.274  311.631
365.101  151.76  448.518  135.836
356.946  177.089  412.134  157.219
548.627  146.356  632.906  235.814
284.166  219.579  300.261  160.871
391.88  151.585  473.988  149.864
507.428  250.29  446.23  317.636
359.347  221.345  351.069  201.947
352.539  191.619  392.762  168.869
291.548  227.275  308.533  171.61
288.335  203.318  323.846  146.957
375.966  204.768  371.427  195.038
369.005  221.912  360.435  207.714
417.508  163.762  486.098  176.222
278.63  234.455  277.517  172.252
373.158  129.882  480.729  117.857
290.284  229.967  297.145  173.344
324.72  187.266  372.465  149.97
302.718  361.101  143.314  300.295
282.544  209.409  311.437  150.363
348.815  230.974  333.628  205.436
377.057  165.049  449.452  155.243
357.143  220.717  347.913  200.097
202.204  267.449  184.225  164.768
326.057  178.978  381.801  142.552
404.446  137.232  504.906  141.762
510.211  253.649  449.1  323.112
354.506  245.059  330.205  222.02
457.189  293.745  366.93  329.675
384.601  225.272  371.427  220.1
597.691  145.982  690.303  267.032
549.517  171.261  602.076  262.605
584.346  165.9  634.811  279.014
373.99  147.464  463.071  135.962
417.676  191.998  458.882  205.478
391.88  151.585  475.668  149.657
538.091  145.965  622.873  228.992
564.963  136.855  663.794  235.936
420.313  147.551  506.215  161.732
375.769  456.74  149.75  435.165
95.1959  245.952  140.881  94.6929
577.288  137.136  678.339  244.096
157.292  225.58  201.621  104.482
659.831  197.032  685.348  364.997
354.843  170.529  418.689  149.02
538.833  189.656  566.239  275.93
634.13  207.859  632.941  357.794
531.198  167.624  585.13  247.847
338.173  133.423  452.863  103.518
577.551  123.307  699.879  229.126
596.775  155.648  676.12  276.345
167.531  201.331  234.012  87.5936
352.18  141.021  448.67  118.107
396.471  169.808  458.419  171.375
403.512  152.627  487.553  157.661
371.291  174.981  428.128  162.968
157.556  224.167  203.836  103.193
372.436  184.15  419.848  171.891
382.473  164.315  450.302  158.287
387.02  222.661  378.581  218.185
383.654  155.794  462.762  149.426
605.484  248.787  561.293  382.029
343.042  186.962  392.927  158.876
363.636  166.762  430.875  149.826
545.115  190.495  568.232  279.935
326.571  131.469  435.937  95.5347
41.8301  284.764  69.6794  106.074
434.066  289.317  331.809  309.908
187.934  214.764  240.405  108.192
350.736  212.474  381.889  188.691
382.838  162.766  453.893  156
385.647  219.905  377.296  215.603
604.869  295.14  486.23  428.014
304.777  220.156  311.466  171.527
326.197  192.64  367.834  156.688
592.107  149.596  677.208  267.462
137.415  224.133  189.638  93.9389
198.262  206.555  253.462  105.611
521.189  155.62  591.977  229.064
444.962  297.682  338.732  324.948
435.198  288.06  342.155  310.716
349.242  148.654  438.426  124.089
397.127  222.87  383.76  224.975
430.077  200.76  451.906  220.707
396.258  161.418  466.949  162.896
500.422  127.997  606.02  187.201
418.921  148.732  506.827  162.237
537.966  236.235  491.79  323.222
436.222  288.51  331.67  311.236
379.97  122.961  495.435  114.041
567.576  163.085  631.745  266.209
541.388  323.831  389.094  413.347
323.52  148.268  414.972  110.608
581.828  154.759  658.31  266.442
403.784  207.793  414.698  213.833
280.2  190.099  329.083  129.972
525.905  132.316  626.477  207.096
326.978  185.955  376.584  149.499
615.603  141.434  713.399  272.946
321.678  162.182  396.911  123.482
356.839  163.386  428.036  143.882
358.154  170.058  424.946  151.093
377.861  159.336  453.01  149.76
505.733  243.09  450.115  309.562
624.729  220.358  611.712  364.743
382.568  279.849  320.692  271.113
338.391  188.367  386.455  158.864
182.981  204.633  248.871  96.1691
413.011  149.933  496.531  160.429
354.532  228.641  340.336  205.951
436.561  191.234  456.19  214.763
334.336  189.044  379.074  156.309
537.754  180.098  578.848  264.209
404.446  149.103  489.162  154.953
346.695  172.762  409.54  146.616
301.361  202.234  333.673  153.519
529.624  126.239  639.569  201.551
280.2  190.099  327.677  129.919
386.666  256.341  336.526  250.434
428.464  205.698  441.336  224.571
348.685  127.554  460.039  102.497
354.486  164.153  425.271  142.141
416.215  158.94  490.412  171.477
547.841  172.688  596.947  264.038
321.478  240.017  308.11  198.87
267.761  159.72  351.63  95.8583
326.26  172.656  389.565  135.969
599.456  209.064  593.792  336.187
186.265  204.423  247.349  97.7283
549.318  115.313  674.089  203.085
283.476  172.109  349.619  115.628
597.423  145.063  692.006  266.291
328.754  196.298  367.657  161.798
194.626  207.248  253.151  104.039
433.045  280.174  334.703  301.382
309.985  190.249  354.062  144.906
412.811  252.088  379.191  263.104
388.466  159.17  466.273  156.487
382.49  165.781  448.833  160.116
138.577  236.517  177.9  105.39
606.73  147.298  697.531  274.907
391.569  144.545  474.063  142.28
611.119  199.56  616.013  333.951
540.72  189.022  568.765  276.909
286.277  218.758  306.725  160.015
312.425  139.086  416.144  97.2532
144.204  221.758  199.08  95.9388
387.2  268.439  328.034  262.349
409.114  225.106  394.909  234.315
297.753  228.467  306.142  176.813
321.643  131.776  430.976  92.9923
307.692  175.813  370.047  129.466
551.782  328.636  398.367  424.424
324.455  148.954  418.478  111.195
530.094  232.288  481.626  312.383
638.095  243.494  595.024  398.548
608.124  144.543  683.811  272.476
266.211  203.485  304.117  135.415
185.454  203.477  250.246  96.0625
628.661  203.474  627.084  348.326
555.859  326.761  403.487  425.219
301.055  360.774  143.314  300.295
285.443  233.975  287.859  175.851
620.503  248.425  578.026  391.827
528.831  145.612  612.612  223.524
414.129  159.803  493.648  171.243
568.345  172.991  619.519  275.9
358.197  242.122  339.355  222.442
489.381  238.5  382.121  292.891
343.568  139.016  444.427  111.038
343.314  184.775  395.001  156.35
442.24  286.964  341.626  313.999
295.194  226.246  320.748  171.055
633.336  242.341  594.988  394.096
289.54  156.035  374.559  101.084
73.5302  256.573  112.776  94.2218
606.144  195.862  616.643  326.88
176.287  197.982  244.295  89.082
184.351  194.38  255.282  87.2816
140.684  235.896  184.163  105.201
139.573  224.639  195.054  94.4322
181.647  206.591  240.214  97.4174
100.185  256.047  134.441  107.23
422.405  200.43  444.979  215.429
525.142  160.331  588.479  234.969
428.497  249.467  386.761  269.835
343.472  150.087  431.505  122.013
618.9  157.122  737.018  295.465
191.218  207.517  246.013  102.717
256.941  176.301  322.668  104.999
68.5443  258.938  109.264  96.022
476.089  313.159  348.59  361.006
153.054  203.207  223.216  81.1207
153.705  220.908  205.556  97.6506
384.844  130.473  486.412  123.965
327.137  193.255  368.545  158.398
340.075  132.067  448.815  102.138
42.5617  283.943  69.59  104.238
502.157  131.215  602.755  192.289
268.601  239.394  276.453  172.263
531.433  150.642  605.041  228.426
268.918  161.114  351.273  95.8955
376.464  216.456  374.238  207.823
118.089  233.486  169.07  92.8397
183.543  276.452  165.224  162.285
370.549  122.805  487.711  108.277
595.724  155.877  650.845  274.518
351.48  233.667  334.153  208.544
138.767  228.547  185.545  97.8943
422.219  252.927  375.988  269.651
141.391  226.726  188.8  97.4332
346.105  144.004  439.715  117.159
526.424  184.62  556.293  263.601
164.043  191.775  244.233  75.2464
347.752  238.31  334.398  210.841
145.201  206.517  217.175  80.199
510.432  168.46  560.95  236.812
641.286  170.591  696.222  324.188
152.895  213.987  210.917  90.8946
386.558  123.292  499.329  119.739
545.09  173.835  597.513  261.618
343.737  175.187  398.272  147.121
126.293  223.178  184.241  87.1255
329.712  147.29  421.538  111.995
281.561  252.538  270.441  188.97
548.383  171.403  602.97  261.064
625.043  213.904  620.824  359.981
412.184  145.248  501.828  155.863
143.5  230.709  185.9  101.912
341.955  120.813  461.167  91.6777
304.707  178.211  362.926  129.921
408.013  175.035  476.836  183.655
559.229  312.947  428.057  413.906
224.409  178.679  296.592  91.2931
152.734  209.525  214.055  86.7368
170.823  218.366  220.526  102.868
94.1271  242.932  139.696  90.7655
347.579  234.809  332.178  207.251
154.348  201.57  223.679  80.0656
537.617  190.433  561.98  277.008
115.54  221.051  179.427  80.2252
356.672  110.547  487.407  88.4909
371.232  180.962  421.676  167.027
370.549  122.805  489.118  107.876
98.6094  248.332  137.962  97.427
318.269  184.515  370.37  142.691
149.386  204.337  220.178  80.0502
193.015  190.23  268.305  86.7371
413.295  148.947  498.279  157.475
570.831  156.22  638.235  261.761
283.434  146.023  384.085  87.5164
334.48  200.378  366.137  166.616
415.867  274.725  350.87  284.636
146.3  205.429  213.689  79.9301
366.561  116.67  492.857  99.47
156.091  226.1  200.99  103.151
632.678  212.13  626.861  360.253
640.32  207.828  644.84  364.413
108.597  231.373  163.211  86.4462
159.748  213.03  213.646  93.0909
301.473  190.893  344.911  140.433
179.401  191.502  254.311  81.7822
545.381  322.185  395.544  415.598
398.236  159.322  473.214  162.863
617.835  211.643  615.538  349.576
139.645  226.938  187.491  96.4306
413.141  146.953  501.058  158.414
278.884  251.654  263.186  189.817
415.98  144.841  507.547  157.783
360.28  245.37  339.521  224.127
633.888  231.491  607.034  382.038
136.817  191.255  221.977  62.4641
111.441  209.063  189.265  67.244
82.5749  250.999  123.891  92.584
372.128  116.767  492.483  102.625
640.383  161.506  703.798  313.859
84.5274  250.034  126.038  92.5654
78.5603  238.787  131.701  80.1527
122.34  209.975  191.073  73.3151
159.916  185.363  244.362  67.2754
299.331  205.619  327.926  156.824
445.243  219.413  456.889  250.822
120.598  218.591  182.253  80.2263
635.615  172.069  686.105  322.335
42.5617  283.943  68.1246  103.697
134.56  230.674  179.247  97.4132
350.037  174.98  406.24  149.605
134.094  224.667  187.583  91.5253
439.153  293.074  337.282  315.515
610.851  199.999  616.466  335.328
161.783  178.292  252.707  61.4849
105.686  218.178  171.672  73.2981
676.705  174.608  732.242  350.682
441.555  284.059  336.643  311.27
378.826  160.68  453.161  154.023
137.08  217.688  191.611  86.9339
111.289  229.859  164.45  86.1655
153.992  174.818  251.271  54.6491
433.861  263.318  386.13  287.89
122.803  235.787  166.791  96.533
544.388  322.156  392.717  411.127
459.182  323.344  329.956  361.603
69.3385  230.239  134.746  68.3236
541.42  126.226  649.673  211.389
263.802  235.433  273.572  167.065
76.6555  258.736  112.112  96.569
641.32  133.972  757.357  280.66
99.7651  246.87  141.159  96.0405
533.362  192.902  555.268  273.479
375.573  280.111  314.266  265.893
380.801  164.769  448.13  155.422
257.791  238.932  268.639  167.256
110.272  231.083  163.486  86.5562
643.517  213.524  640.071  369.16
537.554  342.094  373.919  427.206
434.051  280.695  349.568  300.342
104.933  244.111  145.946  95.9093
345.366  184.349  390.942  156.144
470.664  242.908  431.069  289.686
70.4905  235.964  128.841  73.8666
364.357  172.712  421.162  154.639
394.473  157.441  468.983  155.33
95.1378  241.462  141.612  93.4462
132.37  198.751  210.613  67.0264
344.998  250.12  330.443  219.799
393.297  128.804  503.336  129.557
324.735  210.217  342.844  170.582
582.398  149.542  667.295  262.736
562.659  267.907  478.046  373.525
456.138  264.379  391.687  297.888
298.497  197.681  339.367  148.982
438.467  276.729  361.046  299.197
596.077  212.031  583.419  338.307
97.0583  246.957  138.542  94.8024
100.648  238.945  148.313  89.2832
181.936  206.983  238.903  96.8443
107.234  239.187  152.833  92.3697
99.6113  242.137  144.392  91.6655
647.685  216.388  640.423  375.049
152.237  175.236  250.478  53.8457
621.869  212.693  616.741  352.783
633.908  234.344  606.217  389.233
118.927  180.464  218.596  44.3975
429.397  291.168  326.058  311.57
421.532  143.672  508.901  155.958
105.126  175.854  220.008  33.4154
450.59  249.527  406.225  284.297
607.944  236.849  575.906  373.613
526.84  241.728  481.915  323.823
327.505  127.653  444.115  90.0767
152.014  176.739  248.667  55.0337
562.991  314.413  430.228  421.73
129.27  193.78  211.895  61.0353
147.431  216.424  205.827  94.1772
353.363  221.736  348.19  201.605
549.023  336.094  389.013  428.57
98.0339  247.582  137.099  95.6715
128.65  175.414  231.459  43.658
646.915  213.405  646.555  371.278
373.809  118.181  493.732  104.124
68.0732  229.892  133.716  67.0121
155.904  202.146  225.216  80.1497
97.0542  216.139  168.314  67.0056
60.1465  235.343  123.563  68.3784
134.056  225.85  182.138  92.1952
72.6768  185.136  182.955  28.5429
454.734  246.69  419.27  284.508
447.735  235.194  427.584  263.643
161.05  185.993  245.696  67.3967
399.713  243.358  351.247  248.447
660.928  194.772  695.186  361.415
74.0193  260.488  105.276  96.6272
98.615  195.162  188.324  48.8145
158.266  208.071  220.494  86.5486
404.613  209.743  410.274  218.354
69.8758  273.597  94.1481  105.855
342.76  265.096  298.794  232.334
122.115  218.958  183.035  80.3028
411.754  303.037  307.307  307.909
86.5346  263.887  112.009  104.834
442.253  274.584  463.638  308.605
339.563  211.315  356.998  178.793
132.705  223.327  183.992  94.5907
457.61  240.276  423.349  274.322
415.045  148.271  498.454  156.561
446.271  251.19  401.071  283.863
345.516  242.303  319.79  211.97
116.821  214.096  185.359  73.3194
138.696  211.172  204.407  80.2941
88.7906  213.727  163.885  61.0591
180.055  280.109  167.935  161.838
590.452  319.138  448.54  440.372
615.03  113.126  757.034  244.465
59.1761  207.918  148.432  43.3934
547.153  103.172  687.791  184.795
103.924  182.42  207.487  38.8108
343.439  172.325  407.223  148.141
121.727  174.586  227.746  39.2076
523.568  253.581  460.938  334.375
90.0716  242.173  146.987  91.9877
380.694  162.196  449.201  158.022
420.899  209.753  439.82  228.122
344.451  173.186  402.716  143.543
70.889  229.756  135.899  67.3294
651.305  233.3  626.533  395.207
447.117  280.679  359.929  306.998
110.401  217.631  175.271  73.4253
541.072  347.452  368.973  433.408
114.098  182.807  212.016  43.4293
70.6216  237.552  128.841  73.8666
127.435  224.796  182.232  87.0691
485.002  220.33  481.404  270.413
280.73  236.678  281.187  178.527
468.813  141.563  548.59  186.34
560.631  275.723  471.784  381.934
330.26  224.645  330.64  193.071
50.8492  224.179  127.79  53.64
494.205  243.487  388.983  303.582
686.721  199.816  736.818  386.435
414.613  144.719  509.58  158.774
101.079  195.108  190.828  48.7167
60.5445  188.893  168.819  26.1036
72.1098  222.746  143.336  61.1844
417.073  231.553  391.852  240.655
629.139  209.425  623.582  352.474
125.869  197.152  208.164  60.9859
105.965  182.953  206.275  39.6311
472.653  288.125  349.731  335.612
486.522  249.142  376.586  304.794
549.258  199.726  572.108  289.235
181.073  322.614  117.35  199.363
90.5114  237.011  140.931  89.5591
572.33  277.882  478.433  392.409
177.079  317.382  123.137  192.643
223.997  281.767  187.529  192.21
640.07  233.75  616.604  395.146
191.729  277.433  156.089  172.972
449.649  315.778  327.433  350.369
96.1743  173.861  209.673  26.5483
69.1956  193.189  168.837  33.1348
112.542  167.487  228.657  27.4615
375.966  204.768  371.427  195.038
